%YAML:1.0
---
K: !!opencv-matrix
   rows: 3
   cols: 3
   dt: d
   data: [ 4.5134507940511736e+02, 0., 3.2107976982398657e+02, 0.,
       4.5158040830858783e+02, 2.3351410853450218e+02, 0., 0., 1. ]
D: !!opencv-matrix
   rows: 1
   cols: 5
   dt: d
   data: [ 5.5348132871393008e-02, -1.8048332398299499e-01,
       8.0705371798333279e-04, -6.6611574306621084e-03,
       2.4538626494216403e-01 ]
board_width: 9
board_height: 6
square_size: 5.0000000745058060e-02
