%YAML:1.0
---
K: !!opencv-matrix
   rows: 3
   cols: 3
   dt: d
   data: [ 4.3528428819174349e+02, 0., 3.1057597088849104e+02, 0.,
       4.3721919061375377e+02, 2.3138036253567793e+02, 0., 0., 1. ]
D: !!opencv-matrix
   rows: 1
   cols: 5
   dt: d
   data: [ 7.1846819482443314e-02, -1.0622005520636039e-01,
       -7.8080715960566855e-03, -5.2291739963849200e-03,
       7.8121384153571199e-02 ]
board_width: 9
board_height: 6
square_size: 5.0000000745058060e-02
