%YAML:1.0
---
K1: !!opencv-matrix
   rows: 3
   cols: 3
   dt: d
   data: [ 4.3528428819174349e+02, 0., 3.1057597088849104e+02, 0.,
       4.3721919061375377e+02, 2.3138036253567793e+02, 0., 0., 1. ]
K2: !!opencv-matrix
   rows: 3
   cols: 3
   dt: d
   data: [ 4.5134507940511736e+02, 0., 3.2107976982398657e+02, 0.,
       4.5158040830858783e+02, 2.3351410853450218e+02, 0., 0., 1. ]
D1: !!opencv-matrix
   rows: 1
   cols: 5
   dt: d
   data: [ 7.1846819482443314e-02, -1.0622005520636039e-01,
       -7.8080715960566855e-03, -5.2291739963849200e-03,
       7.8121384153571199e-02 ]
D2: !!opencv-matrix
   rows: 1
   cols: 5
   dt: d
   data: [ 5.5348132871393008e-02, -1.8048332398299499e-01,
       8.0705371798333279e-04, -6.6611574306621084e-03,
       2.4538626494216403e-01 ]
R: !!opencv-matrix
   rows: 3
   cols: 3
   dt: d
   data: [ 9.9993289742738733e-01, -3.3110267513500337e-03,
       -1.1101249673886249e-02, 3.2684395787387992e-03,
       9.9998723884515806e-01, -3.8522006122359035e-03,
       1.1113862748398904e-02, 3.8156583558570040e-03,
       9.9993095901973206e-01 ]
T: [ -1.0006155071222483e-01, 1.4812760884835546e-03,
    2.0059535664296906e-02 ]
E: !!opencv-matrix
   rows: 3
   cols: 3
   dt: d
   data: [ -4.9100681156419078e-05, -2.0053627637971881e-02,
       1.5584471752975307e-03, 2.1170259958856040e-02,
       3.1538303287096292e-04, 9.9831956450924950e-02,
       -1.8082218237050829e-03, -1.0005536926652737e-01,
       4.0190118260911996e-04 ]
F: !!opencv-matrix
   rows: 3
   cols: 3
   dt: d
   data: [ -1.1193525900255984e-07, -4.5514116153036067e-05,
       1.2112317671708471e-02, 4.8236879237368835e-05,
       7.1542664765178694e-07, 8.3867016104203329e-02,
       -1.3088595128180240e-02, -8.8048305498095364e-02, 1. ]
R1: !!opencv-matrix
   rows: 3
   cols: 3
   dt: d
   data: [ 9.7809076856529364e-01, -1.8509162249106811e-02,
       -2.0735442932377812e-01, 1.8136719702731854e-02,
       9.9982868033806549e-01, -3.6972113636030536e-03,
       2.0738733771804391e-01, -1.4452085959044508e-04,
       9.7825889787312592e-01 ]
R2: !!opencv-matrix
   rows: 3
   cols: 3
   dt: d
   data: [ 9.8038831378073399e-01, -1.4513324611655162e-02,
       -1.9654037145300671e-01, 1.4866086841261309e-02,
       9.9988944254184353e-01, 3.1961756753095231e-04,
       1.9651400373560457e-01, -3.2351355579205297e-03,
       9.8049568088478833e-01 ]
P1: !!opencv-matrix
   rows: 3
   cols: 4
   dt: d
   data: [ 4.4439979946117080e+02, 0., 4.5062024307250977e+02, 0., 0.,
       4.4439979946117080e+02, 2.3182076263427734e+02, 0., 0., 0., 1.,
       0. ]
P2: !!opencv-matrix
   rows: 3
   cols: 4
   dt: d
   data: [ 4.4439979946117080e+02, 0., 4.5062024307250977e+02,
       -4.5356857528017933e+01, 0., 4.4439979946117080e+02,
       2.3182076263427734e+02, 0., 0., 0., 1., 0. ]
Q: !!opencv-matrix
   rows: 4
   cols: 4
   dt: d
   data: [ 1., 0., 0., -4.5062024307250977e+02, 0., 1., 0.,
       -2.3182076263427734e+02, 0., 0., 0., 4.4439979946117080e+02, 0.,
       0., 9.7978524898171191e+00, 0. ]
